tree
version=v3
num_class=1
num_tree_per_iteration=1
label_index=0
max_feature_idx=8
objective=regression
feature_names=average_rank rank_difference point_difference number_of_champ_home number_of_champ_away number_of_topFour_home number_of_topFour_away home_team_encoded_norm away_team_encoded_norm
feature_infos=[1.5:204] [-202:203] [-1158.28:1236.6099999999999] [0:2] [0:2] [0:4] [0:4] [0:1] [0:1]
tree_sizes=2660 2781 2791 2779 2769 2782 2769 2785 2808 2797 2779 2798 2804 2816 2800 2784

Tree=0
num_leaves=31
num_cat=0
split_feature=1 1 1 0 1 0 1 1 1 0 8 7 1 0 1 0 8 8 7 1 5 8 1 8 5 0 8 0 8 7
split_gain=4806.16 1185.17 634.6 568.397 270.103 200.15 175.822 162.503 133.823 166.058 105.865 97.9815 99.6309 95.2188 92.561 87.4983 57.2001 56.8504 75.5903 39.9558 37.5437 35.0176 34.7607 33.7735 33.4546 50.5659 33.0672 32.651 31.1367 30.4914
threshold=-19.499999999999996 -82.499999999999986 18.500000000000004 133.25000000000003 -123.49999999999999 124.25000000000001 67.500000000000014 -45.499999999999993 -62.499999999999993 160.25000000000003 0.66237113402061865 0.24484536082474231 -89.499999999999986 119.75000000000001 -2.4999999999999996 133.25000000000003 0.77061855670103108 0.18298969072164953 0.41494845360824745 -105.49999999999999 1.0000000180025095e-35 0.57989690721649489 94.500000000000014 0.481958762886598 1.0000000180025095e-35 93.250000000000014 0.26546391752577325 113.75000000000001 0.6778350515463919 0.79123711340206193
decision_type=2 2 2 2 2 2 2 2 2 2 2 2 2 2 2 2 2 2 2 2 2 2 2 2 2 2 2 2 2 2
left_child=1 4 14 7 13 19 -4 24 17 26 -11 -7 -13 16 15 -2 29 -5 -19 23 27 -17 -8 -6 25 -3 -10 -9 -26 -1
right_child=2 3 6 8 5 11 22 20 9 10 -12 12 -14 -15 -16 21 -18 18 -20 -21 -22 -23 -24 -25 28 -27 -28 -29 -30 -31
leaf_value=1.883422678691391 1.6202946356979524 1.6752856087543124 1.5725132731613416 2.0047670948808163 1.7456706446777484 2.0829722235826496 1.5431267576695307 1.6413055645200172 1.7796388970376231 1.8756078867135983 1.698914260105121 1.7972914783764011 2.0329722255694711 2.086995213647024 1.5996799490703602 1.7174333833178954 2.0198769860550749 1.6753964733671625 1.8868535054623163 1.7423869887114538 1.6820080437546665 1.64684247757161 1.5099519752260948 1.8404991097413825 1.7490280769354585 1.7164174207897986 1.6849330152008659 1.6834484218784018 1.6718611200876876 1.7520198512161758
leaf_weight=111 1830 902 3399 26 63 24 755 1476 45 129 46 71 24 29 2436 133 28 22 73 393 363 149 543 93 191 447 204 210 72 21
leaf_count=111 1830 902 3399 26 63 24 755 1476 45 129 46 71 24 29 2436 133 28 22 73 393 363 149 543 93 191 447 204 210 72 21
internal_value=1.62923 1.70755 1.58634 1.68571 1.81473 1.78487 1.56056 1.67152 1.78098 1.75451 1.82916 1.90244 1.85683 1.92027 1.61296 1.62828 1.89006 1.87374 1.83788 1.75938 1.65284 1.68014 1.52925 1.8022 1.69528 1.68891 1.70205 1.64655 1.7279 1.86252
internal_weight=0 5063 9245 4206 857 668 4697 3661 545 424 175 119 95 189 4548 2112 160 121 95 549 2049 282 1298 156 1612 1349 249 1686 263 132
internal_count=14308 5063 9245 4206 857 668 4697 3661 545 424 175 119 95 189 4548 2112 160 121 95 549 2049 282 1298 156 1612 1349 249 1686 263 132
is_linear=0
shrinkage=1


Tree=1
num_leaves=31
num_cat=0
split_feature=1 1 1 0 7 1 8 1 0 7 0 1 1 1 0 8 1 0 7 8 1 5 8 1 5 6 0 5 1 7
split_gain=3915.52 825.349 728.003 479.572 214.62 188.322 153.136 140.251 130.836 123.957 102.31 94.959 89.9765 85.0422 66.6372 52.9989 48.2662 41.1719 32.1276 30.5529 30.427 29.0874 28.5026 28.1562 27.9508 27.6996 27.6844 28.5794 24.5393 23.7167
threshold=-32.499999999999993 8.5000000000000018 -96.499999999999986 130.75000000000003 0.090206185567010322 67.500000000000014 0.5128865979381444 -137.49999999999997 158.25000000000003 0.23453608247422683 154.25000000000003 -50.499999999999993 -14.499999999999998 -65.499999999999986 139.25000000000003 0.37886597938144334 -13.499999999999998 151.25000000000003 0.99226804123711354 0.4304123711340207 34.500000000000007 2.5000000000000004 0.70360824742268047 94.500000000000014 3.5000000000000004 1.5000000000000002 111.75000000000001 1.0000000180025095e-35 -28.499999999999996 0.45618556701030932
decision_type=2 2 2 2 2 2 2 2 2 2 2 2 2 2 2 2 2 2 2 2 2 2 2 2 2 2 2 2 2 2
left_child=2 8 4 13 -1 20 9 15 12 -5 -11 22 29 18 19 -6 28 -13 21 -9 -3 -4 -8 -7 25 -14 27 -15 -10 -2
right_child=1 5 3 6 7 23 11 14 16 10 -12 17 24 26 -16 -17 -18 -19 -20 -21 -22 -23 -24 -25 -26 -27 -28 -29 -30 -31
leaf_value=0.44676092911977322 0.025354355169844085 -0.039811979498246775 0.079471653192049241 0.064334539018380335 0.1900012948403233 -0.077491481012066474 0.11991463786724843 0.10854258695741495 0.19350376399233937 0.19722795440958671 0.35105661796154203 -0.022291620020513183 -0.016291540437005224 0.032035172050133419 0.33096552833914761 0.33866448872364485 0.026642700320198422 0.10299736223384447 -0.041925844975880221 0.16645451664346561 -0.056455991620223571 0.17390100868309247 0.21320771671258487 -0.10734878629720453 0.033758356060300553 -0.061175353437253881 0.077799646503429132 0.065490823079602786 0.083245282766856554 0.0020884531540702089
leaf_weight=32 786 2630 804 39 38 755 66 150 24 104 74 54 2361 1386 20 65 210 51 21 232 1886 34 65 543 105 146 197 313 127 990
leaf_count=32 786 2630 804 39 38 755 66 150 24 104 74 54 2361 1386 20 65 210 51 21 232 1886 34 65 543 105 146 197 313 127 990
internal_value=0 -0.0311485 0.0878563 0.0698174 0.19562 -0.0564118 0.165168 0.179706 -0.000219836 0.225802 0.261179 0.109415 -0.00498068 0.0541391 0.15303 0.283818 0.0576488 0.038563 0.0802414 0.143714 -0.046763 0.0833029 0.166205 -0.0899819 -0.0167884 -0.0189054 0.0423132 0.0381986 0.10077 0.0123852
internal_weight=0 10563 3745 3208 537 5814 453 505 4749 217 178 236 4388 2755 402 103 361 105 859 382 4516 838 131 1298 2612 2507 1896 1699 151 1776
internal_count=14308 10563 3745 3208 537 5814 453 505 4749 217 178 236 4388 2755 402 103 361 105 859 382 4516 838 131 1298 2612 2507 1896 1699 151 1776
is_linear=0
shrinkage=0.1


Tree=2
num_leaves=31
num_cat=0
split_feature=1 1 1 0 1 0 7 8 1 1 1 7 0 1 7 8 5 0 5 1 0 6 5 6 1 1 5 0 8 0
split_gain=3189.25 764.782 522.499 413.358 152.961 135.532 113.239 98.8389 93.2054 86.1781 76.4369 73.1499 66.9318 62.2621 49.6529 42.9291 34.8293 47.4932 29.8123 28.8809 24.6029 24.4164 28.2216 20.7224 20.0123 19.758 19.5046 19.118 16.403 16.3226
threshold=-37.499999999999993 8.5000000000000018 -105.49999999999999 130.75000000000003 62.500000000000007 167.25000000000003 0.090206185567010322 0.079896907216494853 -14.499999999999998 -76.499999999999986 -137.49999999999997 0.41494845360824745 152.25000000000003 -27.499999999999996 0.22938144329896912 0.37886597938144334 1.0000000180025095e-35 111.75000000000001 1.0000000180025095e-35 93.500000000000014 124.25000000000001 1.5000000000000002 3.5000000000000004 1.0000000180025095e-35 -13.499999999999998 39.500000000000007 2.5000000000000004 113.75000000000001 0.26546391752577325 148.75000000000003
decision_type=2 2 2 2 2 2 2 2 2 2 2 2 2 2 2 2 2 2 2 2 2 2 2 2 2 2 2 2 2 2
left_child=2 5 6 9 23 8 -1 -5 26 20 15 28 -13 -7 -12 -8 17 -11 -16 -6 -4 22 -10 25 -15 -3 29 -17 -9 -2
right_child=1 4 3 7 19 13 10 11 21 16 14 12 -14 24 18 27 -18 -19 -20 -21 -22 -23 -24 -25 -26 -27 -28 -29 -30 -31
leaf_value=0.42119380860101607 0.0094127401447379466 -0.03332623301992322 0.086162967928020029 0.31377358954399825 -0.067573751834363247 0.19679631382226945 0.17100116892864831 0.14073009648709559 -0.013670299665842912 0.033380449108908632 0.30526693999767307 0.14398208590214209 0.25411767159069926 0.090340546586296783 0.1210689065796272 0.2686426314380434 0.075760300938378683 0.084737212646410667 0.20184820124910019 -0.096254683601834923 0.19641279379526777 -0.050994234906851191 0.045972548388853313 -0.05741295846732887 0.028959897961189498 -0.049284297323652679 0.055693920271900989 0.38614771515130997 0.055863986744934438 0.05079283436387777
leaf_weight=21 2039 2525 560 40 944 35 38 32 2441 1384 20 183 79 88 182 45 330 207 61 559 21 169 82 666 134 1120 104 20 79 100
leaf_count=21 2039 2525 560 40 944 35 38 32 2441 1384 20 183 79 88 182 45 330 207 61 559 21 169 82 666 134 1120 104 20 79 100
internal_value=0 -0.02586 0.0861948 0.0717007 -0.0507706 0.00203486 0.195368 0.164386 -0.00165217 0.0564013 0.182411 0.148366 0.177191 0.0728345 0.153812 0.255436 0.0461947 0.0400623 0.141347 -0.0782408 0.0901479 -0.0141967 -0.0117318 -0.0411933 0.053291 -0.0382297 0.0134035 0.304798 0.0803299 0.0113473
internal_weight=0 11006 3302 2915 5814 5192 387 413 4935 2502 366 373 262 257 263 103 1921 1591 243 1503 581 2692 2523 4311 222 3645 2243 65 111 2139
internal_count=14308 11006 3302 2915 5814 5192 387 413 4935 2502 366 373 262 257 263 103 1921 1591 243 1503 581 2692 2523 4311 222 3645 2243 65 111 2139
is_linear=0
shrinkage=0.1


Tree=3
num_leaves=31
num_cat=0
split_feature=1 1 1 0 0 1 0 1 8 1 1 7 0 8 7 8 1 8 5 0 1 1 5 3 6 8 1 1 1 1
split_gain=2583.29 619.473 428.262 306.935 158.887 124.522 110.674 108.124 96.2185 80.0134 73.8209 65.9801 63.1682 59.716 120.97 47.4819 43.575 35.0354 30.3201 33.251 20.8976 19.8028 19.5962 19.344 19.3518 18.6542 24.4029 24.0556 18.4963 16.5486
threshold=-37.499999999999993 8.5000000000000018 -96.499999999999986 130.75000000000003 139.25000000000003 67.500000000000014 151.25000000000003 -128.49999999999997 0.079896907216494853 -30.499999999999996 -11.499999999999998 0.31185567010309284 153.25000000000003 0.54381443298969079 0.20360824742268044 0.66237113402061865 -76.499999999999986 0.77061855670103108 2.5000000000000004 111.75000000000001 18.500000000000004 -149.49999999999997 3.5000000000000004 1.5000000000000002 1.0000000180025095e-35 0.54896907216494861 1.0000000180025095e-35 -24.499999999999996 98.500000000000014 -65.499999999999986
decision_type=2 2 2 2 2 2 2 2 2 2 2 2 2 2 2 2 2 2 2 2 2 2 2 2 2 2 2 2 2 2
left_child=2 6 4 16 7 20 10 17 -5 15 22 -10 -13 -9 -15 -8 -4 21 19 -18 -3 -1 -2 24 -12 26 -11 -27 -7 -20
right_child=1 5 3 8 -6 28 9 13 11 25 23 12 -14 14 -16 -17 18 -19 29 -21 -22 -23 -24 -25 -26 27 -28 -29 -30 -31
leaf_value=0.25110472925962551 0.0073791388836519289 -0.025981138861382126 0.076115362050461932 0.29479369858377863 0.41077852776894974 -0.063982423588615528 0.24999866244094127 0.08091537444160718 0.035440813584864374 0.073366953782093389 -0.013167733559816345 0.11716070138602792 0.21893103585589208 0.38085520214147195 0.12686403205867594 0.049713846370577817 0.033682834014148261 0.30705298429185696 0.17076819398736753 0.076263492770385063 -0.041747205895373111 0.16579390956295861 0.056808109743049354 0.052005031777591242 -0.038554866275747508 0.1141644066538323 -0.012170051818802244 0.0044008015620487706 -0.088808951990366494 0.073340481821270218
leaf_weight=39 2383 1117 451 38 24 827 29 202 64 162 1835 204 87 22 127 20 1608 33 22 207 3399 90 83 41 359 22 42 216 471 84
leaf_count=39 2383 1117 451 38 24 827 29 202 64 162 1835 204 87 22 127 20 1608 33 22 207 3399 90 83 41 359 22 42 216 471 84
internal_value=0 -0.023274 0.0775753 0.0617042 0.159295 -0.0456935 0.00183138 0.14753 0.143558 0.0470076 -0.00288709 0.127369 0.147587 0.11634 0.164366 0.16825 0.0481425 0.215107 0.0415752 0.0385391 -0.0378476 0.191586 0.00904281 -0.01605 -0.0173218 0.0335667 0.0557564 0.014547 -0.0729911 0.0935613
internal_weight=0 11006 3302 2765 537 5814 5192 513 393 491 4701 355 291 351 149 49 2372 162 1921 1815 4516 129 2466 2235 2194 442 204 238 1298 106
internal_count=14308 11006 3302 2765 537 5814 5192 513 393 491 4701 355 291 351 149 49 2372 162 1921 1815 4516 129 2466 2235 2194 442 204 238 1298 106
is_linear=0
shrinkage=0.1


Tree=4
num_leaves=31
num_cat=0
split_feature=1 1 1 0 0 1 1 1 0 1 0 8 7 0 0 1 8 8 1 8 8 7 5 1 7 0 1 0 3 1
split_gain=2094.67 450.223 373.086 255.949 152.443 130.422 80.7877 74.2714 71.8452 70.5618 70.1143 60.5617 72.2853 58.4403 42.2409 41.3019 37.31 31.394 28.8619 28.3787 25.9337 25.1823 24.0906 19.9424 18.5496 17.9718 17.4276 16.8517 16.5799 16.0402
threshold=-27.499999999999996 -82.499999999999986 18.500000000000004 151.25000000000003 139.25000000000003 -128.49999999999997 -45.499999999999993 67.500000000000014 145.75000000000003 -2.4999999999999996 126.25000000000001 0.60567010309278357 0.17783505154639176 131.75000000000003 124.25000000000001 -63.499999999999993 0.54381443298969079 0.69329896907216504 -35.499999999999993 0.77061855670103108 0.64690721649484551 0.98195876288659811 2.5000000000000004 -11.499999999999998 0.47164948453608252 51.750000000000007 -87.499999999999986 189.75000000000003 1.5000000000000002 -149.49999999999997
decision_type=2 2 2 2 2 2 2 2 2 2 2 2 2 2 2 2 2 2 2 2 2 2 2 2 2 2 2 2 2 2
left_child=1 4 9 6 5 19 13 -4 -6 10 23 12 -5 21 26 -15 -16 -13 -14 29 27 -3 -8 24 -2 -11 -7 -12 -25 -1
right_child=2 3 7 11 8 14 22 -9 -10 25 20 17 18 15 16 -17 -18 -19 -20 -21 -22 -23 -24 28 -26 -27 -28 -29 -30 -31
leaf_value=0.22599425384631525 0.015250987827236707 0.046145257084316764 -0.037572484798170463 0.022405676551811075 0.4231948018074036 0.093613819655742544 0.014009558928041153 -0.06569201266177814 0.18268205181316094 -0.028501194772662136 0.051771813329486618 -0.011001417537530263 0.24298683215823511 0.15295782279307871 0.092476850726774765 0.051593427294613539 0.23747310725351178 0.11989974222685162 0.12703432627022268 0.2763476865083882 0.008910841151980535 -0.018857828575757244 0.074641857522985217 -0.016126334394585815 -0.0067860927496750101 -0.01129333862877336 0.051869306927041496 0.14118956651376643 0.060617174208164218 0.14921451915469436
leaf_weight=39 771 1538 3399 23 23 445 1303 1298 27 1147 252 27 92 88 35 74 36 57 28 33 163 62 69 962 757 1289 129 23 29 90
leaf_count=39 771 1538 3399 23 23 445 1303 1298 27 1147 252 27 92 88 35 74 36 57 28 33 163 62 69 962 757 1289 129 23 29 90
internal_value=0 0.059178 -0.0247386 0.0426806 0.123878 0.11338 0.0352537 -0.0453432 0.293318 -0.00679322 0.00358882 0.145217 0.184805 0.0494214 0.0932326 0.106656 0.165996 0.0778244 0.215931 0.193596 0.0405167 0.0436264 0.0170589 -0.00283215 0.0043334 -0.0193957 0.0842322 0.0592504 -0.0138806 0.172427
internal_weight=0 4218 10090 3361 857 807 3134 4697 50 5393 2957 227 143 1762 645 162 71 84 120 162 438 1600 1372 2519 1528 2436 574 275 991 129
internal_count=14308 4218 10090 3361 857 807 3134 4697 50 5393 2957 227 143 1762 645 162 71 84 120 162 438 1600 1372 2519 1528 2436 574 275 991 129
is_linear=0
shrinkage=0.1


Tree=5
num_leaves=31
num_cat=0
split_feature=1 1 1 0 1 7 0 8 1 1 7 1 8 8 1 7 1 5 7 1 7 7 7 8 0 1 7 0 5 8
split_gain=1699.36 409.024 289.337 217.386 83.2339 80.7435 79.6729 57.6523 60.7439 48.8214 46.264 42.3347 41.9075 48.7125 39.9114 37.2019 30.985 30.4421 19.439 19.3476 18.8078 18.6087 18.4406 18.4366 18.3865 17.9762 17.9018 17.4995 17.1447 16.3733
threshold=-37.499999999999993 8.5000000000000018 -105.49999999999999 123.25000000000001 62.500000000000007 0.090206185567010322 168.25000000000003 0.079896907216494853 -75.499999999999986 -14.499999999999998 0.31185567010309284 -19.499999999999996 0.77061855670103108 0.79639175257731976 -71.499999999999986 0.62628865979381454 -119.49999999999999 1.0000000180025095e-35 0.79123711340206193 -65.499999999999986 0.56443298969072175 0.29639175257731964 0.28608247422680416 0.85824742268041254 52.750000000000007 93.500000000000014 0.30670103092783513 115.25000000000001 3.5000000000000004 0.033505154639175264
decision_type=2 2 2 2 2 2 2 2 2 2 2 2 2 2 2 2 2 2 2 2 2 2 2 2 2 2 2 2 2 2
left_child=2 6 5 14 24 -1 9 -5 15 29 -10 20 16 -14 22 -9 18 21 -7 -19 -8 -16 23 -4 -3 -6 -18 28 -11 -2
right_child=1 4 3 7 25 12 11 8 10 27 -12 -13 13 -15 17 -17 26 19 -20 -21 -22 -23 -24 -25 -26 -27 -28 -29 -30 -31
leaf_value=0.33485065421887805 -0.046360670649172632 -0.038517647213810922 0.1015581883422241 0.225332726501837 -0.04894244072927257 0.16255603772314156 0.17724898665240318 0.12145649705910021 0.0026914479456008264 -0.015351180306024812 0.097861010380739605 0.030357226575616486 0.2912830917221127 0.11812420496717096 0.045219892986458676 0.23988173736170648 0.14497623710018215 0.12522439427673818 0.076999271232070343 0.050380345412599947 0.074673050909470282 0.018559375693177931 0.049979991322301839 0.019048616831952875 -0.025004799484634327 -0.071569947565177691 0.059928832903052821 0.010002455025992537 0.02599876989920934 0.010953790807691459
leaf_weight=21 51 1603 151 41 944 136 33 72 62 2227 290 172 33 32 348 42 33 40 33 253 39 1057 526 33 2708 559 99 367 105 2198
leaf_count=21 51 1603 151 41 944 136 33 72 62 2227 290 172 33 32 348 42 33 40 33 253 39 1057 526 33 2708 559 99 367 105 2198
internal_value=0 -0.0188767 0.0629187 0.0521329 -0.0370943 0.14416 0.00152324 0.111647 0.101645 -0.00122762 0.0810982 0.057307 0.133219 0.206036 0.0396023 0.165087 0.117494 0.0312774 0.14585 0.060598 0.121687 0.0251628 0.0595118 0.0867603 -0.0300294 -0.0573581 0.0811907 -0.010295 -0.0134894 0.00965409
internal_weight=0 11006 3302 2915 5814 387 5192 507 466 4948 352 244 366 65 2408 114 301 1698 169 293 72 1405 710 184 4311 1503 132 2699 2332 2249
internal_count=14308 11006 3302 2915 5814 387 5192 507 466 4948 352 244 366 65 2408 114 301 1698 169 293 72 1405 710 184 4311 1503 132 2699 2332 2249
is_linear=0
shrinkage=0.1


Tree=6
num_leaves=31
num_cat=0
split_feature=1 1 1 0 0 1 1 8 1 8 1 0 7 0 7 8 5 0 0 8 1 6 2 8 7 7 5 0 2 1
split_gain=1380.94 327.53 218.991 169.339 142.341 104.243 49.5902 57.9815 47.8217 46.5346 46.3464 41.4707 40.8734 38.3867 33.6723 29.0671 25.7096 25.4523 24.9523 24.4415 23.0579 21.6432 21.5074 19.1954 29.6671 69.9178 17.9525 17.5831 21.6504 17.442
threshold=-23.499999999999996 -75.499999999999986 18.500000000000004 151.25000000000003 139.25000000000003 -128.49999999999997 -30.499999999999996 0.60567010309278357 93.500000000000014 0.54381443298969079 -45.499999999999993 158.25000000000003 0.26546391752577325 125.25000000000001 0.56443298969072175 0.54381443298969079 3.5000000000000004 111.75000000000001 144.75000000000003 0.70360824742268047 -87.499999999999986 1.0000000180025095e-35 29.225000000000026 0.26546391752577325 0.58505154639175272 0.18298969072164953 2.5000000000000004 31.750000000000004 122.00999999999998 -149.49999999999997
decision_type=2 2 2 2 2 2 2 2 2 2 2 2 2 2 2 2 2 2 2 2 2 2 2 2 2 2 2 2 2 2
left_child=1 4 11 10 5 29 7 12 -4 18 17 16 -5 20 -8 -15 21 26 -6 -9 -7 -2 -19 24 25 -13 -3 -12 -29 -1
right_child=2 3 8 6 9 13 14 19 -10 -11 27 23 -14 15 -16 -17 -18 22 -20 -21 -22 -23 -24 -25 -26 -27 -28 28 -30 -31
leaf_value=0.2014533754039024 -0.0080764032805532467 0.027551748513001698 -0.033251217141956335 0.043556292597204449 0.36930456802248957 0.076837530435244272 0.099913444999476964 -0.029621367369379314 -0.064412953884529098 0.12523008838295938 0.032564267380671072 0.0091985405795276167 0.19965506169873362 0.074816330875221049 -0.056809234791077107 0.19850338971928549 0.031241879930098856 0.076567721370845401 0.22305927649140359 0.099323761927638657 0.041976912283489556 -0.028349718602954366 0.0060466911854609008 0.010253741738217121 0.0096101708003673066 0.23563406951725485 0.07802324743072192 0.010658019524751648 -0.047614391170330901 0.13245978173711953
leaf_weight=56 3851 1168 4138 20 20 452 29 21 559 30 363 30 104 38 26 38 150 235 28 49 327 610 53 264 58 25 75 1318 67 106
leaf_count=56 3851 1168 4138 20 20 452 29 21 559 30 363 30 104 38 26 38 150 235 28 49 327 610 53 264 58 25 75 1318 67 106
internal_value=0 0.0449661 -0.021464 0.0301373 0.0927433 0.0827584 0.109641 0.133402 -0.0369598 0.222931 0.0241 -0.00687211 0.174478 0.0688224 0.0258264 0.13666 -0.00947935 0.0368034 0.283995 0.0606402 0.0622041 -0.0108486 0.0635899 0.0250164 0.0595062 0.112124 0.0305971 0.0129736 0.00783907 0.156309
internal_weight=0 4623 9685 3528 1095 1017 249 194 4697 78 3279 4988 124 855 55 76 4611 1531 48 70 779 4461 288 377 113 55 1243 1748 1385 162
internal_count=14308 4623 9685 3528 1095 1017 249 194 4697 78 3279 4988 124 855 55 76 4611 1531 48 70 779 4461 288 377 113 55 1243 1748 1385 162
is_linear=0
shrinkage=0.1


Tree=7
num_leaves=31
num_cat=0
split_feature=1 1 1 0 0 1 1 1 7 7 7 8 1 0 0 0 1 0 1 0 6 1 5 7 8 0 7 5 8 8
split_gain=1120.85 304.225 142.329 140.313 115.296 84.4369 52.6651 48.3235 45.4081 38.8782 42.6236 37.693 36.0804 34.6065 31.0933 28.7134 25.8393 24.3254 20.8919 20.2114 18.8097 18.6769 18.5071 17.8629 16.8035 15.609 15.2687 15.2072 14.2219 14.7891
threshold=-17.499999999999996 -75.499999999999986 34.500000000000007 160.25000000000003 139.25000000000003 -128.49999999999997 -51.499999999999993 -30.499999999999996 0.56443298969072175 0.28608247422680416 0.4304123711340207 0.54381443298969079 -2.4999999999999996 126.25000000000001 125.25000000000001 111.75000000000001 93.500000000000014 130.75000000000003 -21.499999999999996 144.75000000000003 1.0000000180025095e-35 -87.499999999999986 2.5000000000000004 0.73969072164948468 0.77061855670103108 27.250000000000004 0.29639175257731964 1.0000000180025095e-35 0.56443298969072175 0.88917525773195882
decision_type=2 2 2 2 2 2 2 2 2 2 2 2 2 2 2 2 2 2 2 2 2 2 2 2 2 2 2 2 2 2
left_child=1 4 12 6 5 24 15 9 -9 -5 -11 19 13 -2 21 27 -4 -16 -10 -6 28 -7 26 -17 -1 -24 -8 -3 -14 -30
right_child=2 3 16 7 11 14 22 8 18 10 -12 -13 20 -15 17 23 -18 -19 -20 -21 -22 -23 25 -25 -26 -27 -28 -29 29 -31
leaf_value=0.12438907788474432 -0.0064715354190236557 0.023213998342379777 -0.034293018971170701 0.040126615459168402 0.33237410932779315 0.06915377726597069 0.02343179930854658 0.13318609068584111 -0.073766304090343141 0.29805336614901368 0.13874952973614277 0.11270707957446575 -0.0083013091571138599 0.03146619092831026 0.20887490180523499 0.086395131298423522 -0.057971658326072317 0.085724749022497326 0.055930026393869653 0.20075335040954606 -0.032832296702656007 0.037779222206114321 0.032512981890358478 0.031441226304805545 0.20435521524738182 0.11956310150027277 0.0062546547495630368 0.05546236284138574 -0.027583349864280429 -0.0056010409308945323
leaf_weight=129 1599 744 2625 27 20 452 703 36 27 22 71 30 1747 283 23 169 559 53 23 28 672 327 117 91 33 25 1961 182 1107 423
leaf_count=129 1599 744 2625 27 20 452 703 36 27 22 71 30 1747 283 23 169 559 53 23 28 672 327 117 91 33 25 1961 182 1107 423
internal_value=0 0.0365271 -0.0214463 0.0242829 0.083469 0.0744826 0.0201298 0.104763 0.0475512 0.145765 0.176434 0.200638 -0.0121613 -0.000766766 0.0619402 0.037797 -0.0384502 0.122994 -0.014106 0.255595 -0.0175917 0.0559837 0.0126625 0.0671613 0.140678 0.0478387 0.0107875 0.0295522 -0.0144664 -0.0215059
internal_weight=0 5293 9015 4198 1095 1017 3992 206 86 120 93 78 5831 1882 855 1186 3184 76 50 48 3949 779 2806 260 162 142 2664 926 3277 1530
internal_count=14308 5293 9015 4198 1095 1017 3992 206 86 120 93 78 5831 1882 855 1186 3184 76 50 48 3949 779 2806 260 162 142 2664 926 3277 1530
is_linear=0
shrinkage=0.1


Tree=8
num_leaves=31
num_cat=0
split_feature=1 1 1 0 7 2 1 0 0 1 0 8 3 0 7 1 8 1 1 2 8 7 0 0 5 7 7 5 7 7
split_gain=916.005 223.647 160.456 115.23 62.2696 56.2418 73.4322 67.5986 61.5847 48.8352 46.3171 37.6667 33.0488 32.51 30.639 28.0543 24.6062 24.8492 24.2464 20.237 18.8943 18.3725 16.356 14.7883 15.1948 14.3162 13.9232 12.8273 17.6628 12.4895
threshold=-37.499999999999993 8.5000000000000018 -105.49999999999999 130.75000000000003 0.090206185567010322 182.89500000000001 -62.499999999999993 171.75000000000003 154.25000000000003 61.500000000000007 133.25000000000003 0.34793814432989695 1.0000000180025095e-35 97.750000000000014 0.99226804123711354 -11.499999999999998 0.55927835051546404 -2.4999999999999996 -76.499999999999986 1.0000000180025095e-35 0.033505154639175264 0.16237113402061856 111.75000000000001 52.750000000000007 2.5000000000000004 0.89432989690721665 0.97680412371134029 1.0000000180025095e-35 0.59536082474226815 0.074742268041237125
decision_type=2 2 2 2 2 2 2 2 2 2 2 2 2 2 2 2 2 2 2 2 2 2 2 2 2 2 2 2 2 2
left_child=2 10 4 14 -1 6 8 -8 -5 23 15 20 13 -13 18 27 17 21 29 -18 -6 -12 -20 24 -3 -25 -27 28 -2 -4
right_child=1 9 3 5 11 -7 7 -9 -10 -11 16 12 -14 -15 -16 -17 19 -19 22 -21 -22 -23 -24 25 -26 26 -28 -29 -30 -31
leaf_value=0.27415465173267184 0.0095017504982003835 -0.030585930087598287 0.1033509912559899 0.11975393301261397 0.11922327421718476 -0.064859444980064171 0.035156453518751775 0.19453542388735279 0.28688758419683347 -0.042510892192222038 0.0003515317749518615 0.073479138577046507 0.2250100369254748 0.15324114353678536 -0.032017610875236524 -0.010724266230504275 0.018901095321254419 -0.0014442513754338395 0.023244619772817346 -0.042591005724210013 0.031625158606653977 0.075636337603403575 0.053189228461919036 -0.019912931865256556 0.053101437471129678 0.017926385163684975 -0.026779669693538122 0.020492618767744046 -0.0099721335035570097 0.046039791645496403
leaf_weight=21 1141 1569 41 145 33 23 188 31 26 1553 39 120 27 89 77 2145 303 81 1655 65 97 192 205 2358 22 207 105 439 787 524
leaf_count=21 1141 1569 41 145 33 23 188 31 26 1553 39 120 27 89 77 2145 303 81 1655 65 97 192 205 2358 22 207 105 439 787 524
internal_value=0 -0.013859 0.046194 0.038162 0.106694 0.0870984 0.09606 0.0577169 0.145166 -0.0273299 0.00122567 0.0970853 0.120895 0.107445 0.0300841 -0.00244102 0.0255552 0.0462144 0.032056 0.00803972 0.0538616 0.0629259 0.026545 -0.021797 -0.0294287 -0.0172494 0.00288108 0.00506535 0.00155261 0.0501987
internal_weight=0 11006 3302 2915 387 413 390 219 171 5814 5192 366 236 209 2502 4512 680 312 2425 368 130 231 1860 4261 1591 2670 312 2367 1928 565
internal_count=14308 11006 3302 2915 387 413 390 219 171 5814 5192 366 236 209 2502 4512 680 312 2425 368 130 231 1860 4261 1591 2670 312 2367 1928 565
is_linear=0
shrinkage=0.1


Tree=9
num_leaves=31
num_cat=0
split_feature=1 1 1 0 0 1 0 7 8 1 1 7 1 0 0 8 8 7 8 2 8 0 8 1 5 1 7 6 7 7
split_gain=743.82 159.837 137.151 105.943 73.1336 47.9047 44.9449 34.2751 39.7465 30.0986 28.7127 26.4966 25.3118 30.5676 25.1382 21.9604 21.3102 54.8425 21.2135 21.0391 16.7796 14.7799 14.5227 13.7198 20.1035 14.4397 12.6528 12.3708 12.2569 11.8659
threshold=-27.499999999999996 -82.499999999999986 18.500000000000004 151.25000000000003 139.25000000000003 -128.49999999999997 145.75000000000003 0.27061855670103097 0.60567010309278357 -45.499999999999993 67.500000000000014 0.4304123711340207 -2.4999999999999996 126.25000000000001 92.750000000000014 0.69329896907216504 0.69845360824742275 0.16752577319587633 0.66237113402061865 29.225000000000026 0.65721649484536093 131.75000000000003 0.37371134020618563 -149.49999999999997 1.0000000180025095e-35 -163.49999999999997 0.44072164948453613 1.5000000000000002 0.47164948453608252 0.47164948453608252
decision_type=2 2 2 2 2 2 2 2 2 2 2 2 2 2 2 2 2 2 2 2 2 2 2 2 2 2 2 2 2 2
left_child=1 4 12 9 5 23 -6 -5 11 14 27 -9 13 29 18 -10 -7 -18 -3 -16 28 22 -11 25 -25 -1 -22 -4 -15 -2
right_child=2 3 10 7 6 16 -8 8 15 21 -12 -13 -14 20 19 -17 17 -19 -20 -21 26 -23 -24 24 -26 -27 -28 -29 -30 -31
leaf_value=0.10792436316609383 0.0049397383805514332 0.029860237239499449 -0.020898610156495124 0.007386585734784604 0.29389910957087645 0.045112827324923895 0.10366891009940044 0.22987881739224708 -0.03578631679217021 -0.0022310785708655185 -0.03988680315479487 0.11834312203141412 -0.011409370000481802 0.067044704892070955 0.053703376222025159 0.086439142771521399 0.23048677509245663 0.060557364718561324 0.00072774575697896011 0.0015295869374013209 -0.036738964761689044 -0.035900277329304064 0.019790487712722047 0.064080197549062898 0.15738045814282753 0.20974273534778221 0.021782894049371993 -0.046595015058565385 0.024188757422694399 -0.0087872002452326278
leaf_weight=30 1267 793 3200 40 23 513 27 28 21 466 1298 89 2436 113 513 49 23 109 365 91 57 68 838 72 34 26 105 199 163 1252
leaf_count=30 1267 793 3200 40 23 513 27 28 21 466 1298 89 2436 113 513 49 23 109 365 91 57 68 838 72 34 26 105 199 163 1252
internal_value=0 0.0352644 -0.0147419 0.0254347 0.0738148 0.0665435 0.191175 0.0914036 0.109375 0.0206565 -0.0272346 0.145035 -0.00386135 0.00235677 0.0293041 0.0497715 0.0543331 0.0901663 0.0206777 0.0458428 0.0267395 0.00955068 0.0119208 0.115159 0.0940067 0.155197 0.00119187 -0.022403 0.0417349 -0.00188286
internal_weight=0 4218 10090 3361 857 807 50 227 187 3134 4697 117 5393 2957 1762 70 645 132 1158 604 438 1372 1304 162 106 56 162 3399 276 2519
internal_count=14308 4218 10090 3361 857 807 50 227 187 3134 4697 117 5393 2957 1762 70 645 132 1158 604 438 1372 1304 162 106 56 162 3399 276 2519
is_linear=0
shrinkage=0.1


Tree=10
num_leaves=31
num_cat=0
split_feature=1 1 1 0 0 1 8 8 8 8 1 1 0 7 0 7 0 0 8 0 5 8 8 5 8 1 8 2 1 5
split_gain=604.439 156.126 86.6826 85.9454 73.1159 47.4009 38.3571 30.1007 29.6626 27.9242 26.5418 23.1908 21.2748 30.2567 22.1855 21.1572 17.2658 22.7482 16.5535 16.5272 15.566 15.5871 14.6327 24.6152 14.5297 14.222 14.1165 13.6791 13.4707 12.7423
threshold=-19.499999999999996 -75.499999999999986 39.500000000000007 160.25000000000003 139.25000000000003 -128.49999999999997 0.66237113402061865 0.37886597938144334 0.04896907216494846 0.54381443298969079 -51.499999999999993 -2.4999999999999996 124.25000000000001 0.34793814432989695 119.25000000000001 0.60051546391752586 52.750000000000007 64.250000000000014 0.82731958762886604 131.75000000000003 2.5000000000000004 0.86340206185567026 0.64690721649484551 2.5000000000000004 0.71907216494845372 98.500000000000014 0.18814432989690724 48.645000000000032 30.500000000000004 2.5000000000000004
decision_type=2 2 2 2 2 2 2 2 2 2 2 2 2 2 2 2 2 2 2 2 2 2 2 2 2 2 2 2 2 2
left_child=1 4 11 10 5 -1 7 8 -5 26 22 19 14 -14 -7 -9 29 28 -8 -2 27 -22 23 -3 -24 -4 -6 -12 -18 -13
right_child=2 3 25 6 9 12 18 15 -10 -11 20 16 13 -15 -16 -17 17 -19 -20 -21 21 -23 24 -25 -26 -27 -28 -29 -30 -31
leaf_value=0.10364306592454352 -0.0037264219828986389 0.031817518567462032 -0.026676070145947025 0.15829412640305238 0.15398417549828691 0.042355579293979678 -0.051831034990027551 0.25711476601660255 0.039074515600999199 0.0788246724754572 0.010282331507255662 -0.021872597788584181 0.19956833851058037 0.059166523077088973 -0.057360349854697359 0.11648273286612139 0.025001407213307715 -0.011579278490655251 0.062664084389273608 0.022126693609724201 0.056613445961205613 -0.038975678663700823 -0.016769844240921199 0.12003670605746182 0.024812491079447448 -0.04572362829545501 0.26330246345273089 -0.014619179601182364 -0.021247122474014762 0.020464219434841262
leaf_weight=162 1826 761 2337 32 27 746 23 20 60 30 2215 1808 20 66 23 23 296 2067 28 286 116 20 122 33 270 471 21 245 80 74
leaf_count=162 1826 761 2337 32 27 746 23 20 60 30 2215 1808 20 66 23 23 296 2067 28 286 116 20 122 33 270 471 21 245 80 74
internal_value=0 0.0277739 -0.0152103 0.0185491 0.061202 0.0540457 0.0849127 0.112824 0.0805422 0.154509 0.0152853 -0.00881486 0.0446483 0.0918181 0.0393732 0.181893 -0.0130093 -0.00746366 0.011029 -0.000225479 0.009623 0.0425562 0.0276794 0.0354841 0.011871 -0.029871 0.201811 0.0078023 0.0151613 -0.0202079
internal_weight=0 5063 9245 3968 1095 1017 186 135 92 78 3782 6437 855 86 769 43 4325 2443 51 2112 2596 136 1186 794 392 2808 48 2460 376 1882
internal_count=14308 5063 9245 3968 1095 1017 186 135 92 78 3782 6437 855 86 769 43 4325 2443 51 2112 2596 136 1186 794 392 2808 48 2460 376 1882
is_linear=0
shrinkage=0.1


Tree=11
num_leaves=31
num_cat=0
split_feature=1 1 1 0 7 2 1 0 0 8 0 7 7 7 1 3 0 6 7 0 1 5 2 8 0 7 1 5 7 0
split_gain=495.037 119.723 93.3575 69.3163 47.0341 41.3001 39.2931 43.8197 42.8657 31.5169 28.9946 28.4901 29.3883 29.333 26.8062 23.9045 24.6569 20.8113 18.3035 20.1609 17.6418 17.5246 13.7486 13.1235 12.3572 11.6914 11.1408 10.7154 10.2882 10.219
threshold=-37.499999999999993 9.5000000000000018 -105.49999999999999 122.75000000000001 0.090206185567010322 167.06 -61.499999999999993 152.25000000000003 171.75000000000003 0.34793814432989695 168.25000000000003 0.29639175257731964 0.61597938144329911 0.99226804123711354 50.500000000000007 1.0000000180025095e-35 92.250000000000014 1.5000000000000002 0.28092783505154645 77.750000000000014 -13.499999999999998 3.5000000000000004 46.765000000000008 0.033505154639175264 52.750000000000007 0.18298969072164953 -58.499999999999993 1.5000000000000002 0.28608247422680416 183.25000000000003
decision_type=2 2 2 2 2 2 2 2 2 2 2 2 2 2 2 2 2 2 2 2 2 2 2 2 2 2 2 2 2 2
left_child=2 10 4 11 -1 6 7 -5 -8 23 17 18 26 -14 24 16 -11 21 19 -4 -12 22 -2 -6 27 -26 -13 -3 -20 -22
right_child=1 14 3 5 9 -7 8 -9 -10 15 20 12 13 -15 -16 -17 -18 -19 28 -21 29 -23 -24 -25 25 -27 -28 -29 -30 -31
leaf_value=0.22564656308719089 0.00054816743810644317 -0.023552046054537118 0.017454003413170469 0.080079957766437462 0.086691213043575938 -0.050541646922788314 0.028181655420802344 0.20105071367902891 0.15331960580041332 0.047584071354224135 0.062480893338516613 0.010638750821132871 0.029598911705298998 -0.035324392447868988 -0.029288538076219714 0.18208277701503703 0.11628001902341134 -0.034209611086727501 0.10443399352215542 0.056726273098786729 -0.019645448215305807 0.033652472149237604 -0.02174764442336509 0.013685910234746246 -0.025778905049003382 -0.0069415677673000838 -0.01422131043144946 0.041245166384256807 0.028079794766381384 0.036228837631642821
leaf_weight=21 4428 1385 349 178 33 31 234 36 31 104 116 374 965 75 2082 27 105 182 60 209 64 152 295 97 403 1806 348 26 25 67
leaf_count=21 4428 1385 349 178 33 31 234 36 31 104 116 374 965 75 2082 27 105 182 60 209 64 152 295 97 403 1806 348 26 25 67
internal_value=0 -0.0101883 0.033959 0.0278324 0.0801067 0.061319 0.0685584 0.10043 0.0428204 0.0717561 0.000625672 0.0207313 0.0141564 0.0249169 -0.0202475 0.0935355 0.0820964 -0.00100835 0.0387485 0.0321635 0.0340802 0.00023116 -0.000844436 0.032218 -0.0150477 -0.0103782 -0.00134366 -0.0223581 0.0819769 0.00893148
internal_weight=0 11006 3302 2915 387 510 479 214 265 366 5304 2405 1762 1040 5702 236 209 5057 643 558 247 4875 4723 130 3620 2209 722 1411 85 131
internal_count=14308 11006 3302 2915 387 510 479 214 265 366 5304 2405 1762 1040 5702 236 209 5057 643 558 247 4875 4723 130 3620 2209 722 1411 85 131
is_linear=0
shrinkage=0.1


Tree=12
num_leaves=31
num_cat=0
split_feature=1 1 0 1 0 8 7 7 0 1 7 7 7 1 8 7 2 6 0 3 8 0 8 8 8 5 1 2 0 8
split_gain=404.81 108.903 55.5029 53.4391 46.3473 35.4452 45.4917 49.9218 35.2261 31.1483 25.6981 27.7241 22.9787 23.4852 20.9181 34.6539 20.5103 18.1643 17.8002 13.9293 13.6907 12.3161 11.5992 25.3361 15.469 13.375 10.9137 10.5341 9.40412 9.24027
threshold=-17.499999999999996 -82.499999999999986 148.75000000000003 39.500000000000007 139.25000000000003 0.39432989690721654 0.28608247422680416 0.4304123711340207 145.75000000000003 -149.49999999999997 0.56958762886597947 0.37371134020618563 0.98711340206185583 -45.499999999999993 0.69845360824742275 0.12628865979381446 475.8300000000001 1.0000000180025095e-35 87.750000000000014 1.5000000000000002 0.70360824742268047 107.75000000000001 0.66752577319587636 0.88917525773195882 0.92010309278350533 3.5000000000000004 98.500000000000014 93.714999999999989 139.25000000000003 0.35824742268041243
decision_type=2 2 2 2 2 2 2 2 2 2 2 2 2 2 2 2 2 2 2 2 2 2 2 2 2 2 2 2 2 2
left_child=1 4 12 17 9 6 -4 -8 -6 21 11 -7 13 18 16 -16 -11 22 -3 -19 -12 -1 25 -24 -25 28 29 -15 -2 -5
right_child=3 2 5 26 8 10 7 -9 -10 14 20 -13 -14 27 15 -17 -18 19 -20 -21 -22 -23 23 24 -26 -27 -28 -29 -30 -31
leaf_value=0.081591733195113425 -0.0045732508342266947 0.014548909632125968 -0.010924083207334791 -0.030719593115120972 0.23895544827632281 0.0086340144509449608 0.24439460784196854 0.085747559646066895 0.070544067625370285 0.038808529165176124 -0.047162202888113618 0.1172748417472062 -0.034225880231672119 0.0088769259412830107 0.18985589697309163 0.056374638734592336 -0.057481340642856517 -0.023002309756715914 0.035710546321224688 0.046284645025928821 0.029936022610248376 0.17691756227742073 -0.019100402179679548 0.029700549055078174 -0.0045298819780112739 0.053037793240086596 -0.038222408886294967 -0.017878791754711656 0.011601673936630322 -0.017230982701560468
leaf_weight=33 2772 1049 35 746 23 48 25 96 27 579 51 46 103 2143 23 126 23 884 640 30 42 23 1382 179 503 44 471 158 413 1591
leaf_count=33 2772 1049 35 746 23 48 25 96 27 579 51 46 103 2143 23 126 23 884 640 30 42 23 1382 179 503 44 471 158 413 1591
internal_value=0 0.0219517 0.015647 -0.0128886 0.0545861 0.0542869 0.0894826 0.118526 0.148013 0.0487975 0.0249258 0.0617987 0.0124089 0.0136128 0.0434327 0.0769791 0.0351297 -0.00771005 0.0225675 -0.0207281 -0.0123436 0.120743 -0.00546208 -0.0113173 0.00445435 -0.00171939 -0.0243355 0.00703972 -0.00247584 -0.0215367
internal_weight=0 5293 4436 9015 857 343 156 121 50 807 187 94 4093 3990 751 149 602 6207 1689 914 93 56 5293 2064 682 3229 2808 2301 3185 2337
internal_count=14308 5293 4436 9015 857 343 156 121 50 807 187 94 4093 3990 751 149 602 6207 1689 914 93 56 5293 2064 682 3229 2808 2301 3185 2337
is_linear=0
shrinkage=0.1


Tree=13
num_leaves=31
num_cat=0
split_feature=1 1 1 0 7 1 0 7 8 3 0 8 8 1 7 7 7 0 1 2 8 2 5 5 0 8 7 8 8 8
split_gain=329.786 77.7536 62.2276 56.7792 34.6297 32.9407 39.2876 41.093 25.8412 20.3861 18.0503 15.4542 34.6762 14.1502 13.2523 23.8512 14.2862 13.186 14.0855 18.6628 14.1848 13.8153 13.1416 12.8146 12.6789 14.9723 11.2212 9.93982 9.77892 10.2196
threshold=-27.499999999999996 -105.49999999999999 18.500000000000004 160.25000000000003 0.090206185567010322 -63.499999999999993 131.75000000000003 0.37371134020618563 0.34793814432989695 1.0000000180025095e-35 97.750000000000014 0.66237113402061865 0.37886597938144334 93.500000000000014 0.28608247422680416 0.59020618556701043 0.033505154639175264 115.25000000000001 1.5000000000000002 1.2000000000000031 0.69329896907216504 32.475000000000016 1.0000000180025095e-35 2.5000000000000004 12.750000000000002 0.16752577319587633 0.22938144329896912 0.033505154639175264 0.88917525773195882 0.9149484536082475
decision_type=2 2 2 2 2 2 2 2 2 2 2 2 2 2 2 2 2 2 2 2 2 2 2 2 2 2 2 2 2 2
left_child=1 4 17 5 -1 6 23 -8 27 10 -10 12 -5 28 16 -16 -7 22 19 20 -19 -21 -2 -3 26 -26 -24 -6 -4 -30
right_child=2 3 13 11 8 14 7 -9 9 -11 -12 -13 -14 -15 15 -17 -18 18 -20 21 -22 -23 24 -25 25 -27 -28 -29 29 -31
leaf_value=0.19108081867868482 -0.0073721855487669328 0.020723764111044984 -0.018273692451148776 0.061733454307608737 0.07063942540324096 -0.028408449932932858 -0.014761358891160059 0.10248649975947047 0.042881860383786267 0.16052609891803177 0.10231511761549483 0.025045607388019565 0.18636685998150798 -0.033164362328157018 -0.0089921841851678206 0.014625193427966835 0.027388201218484787 0.03526910702167179 -0.0081699605264525486 -0.057895942899183588 -0.0015123623818771481 0.013381814182196795 0.023889710276853295 0.073563018701194471 0.072312312493933009 0.012270763978435129 -0.015358759290137828 0.0071036793368378873 0.028652759034885095 -0.0095998264290815746
leaf_weight=21 3619 1048 3508 69 33 50 39 128 120 27 89 35 33 559 685 1138 558 372 345 52 146 57 96 48 47 357 302 97 80 550
leaf_count=21 3619 1048 3508 69 33 50 39 128 120 27 89 35 33 559 685 1138 558 372 345 52 146 57 96 48 47 357 302 97 80 550
internal_value=0 0.0234811 -0.00981599 0.0191659 0.0661988 0.0168214 0.0299225 0.0751053 0.0590334 0.0787545 0.0681908 0.0823818 0.102056 -0.0182309 0.0100148 0.00575086 0.0227997 -0.00248706 0.00805848 0.016988 0.0249021 -0.0206223 -0.00480559 0.0230379 0.00677607 0.0192558 -0.00589179 0.023232 -0.0162136 -0.00474236
internal_weight=0 4218 10090 3831 387 3694 1263 167 366 236 209 137 102 4697 2431 1823 608 5393 972 627 518 109 4421 1096 802 404 398 130 4138 630
internal_count=14308 4218 10090 3831 387 3694 1263 167 366 236 209 137 102 4697 2431 1823 608 5393 972 627 518 109 4421 1096 802 404 398 130 4138 630
is_linear=0
shrinkage=0.1


Tree=14
num_leaves=31
num_cat=0
split_feature=1 1 1 0 2 0 1 7 0 5 7 7 0 7 1 1 0 2 2 8 1 2 1 5 1 0 5 4 2 2
split_gain=268.896 66.1354 55.8655 45.2357 40.5527 31.6875 28.0609 44.2823 28.9972 19.7204 19.819 21.8351 18.89 18.4148 14.7488 14.6149 14.0063 15.4346 12.9384 11.3167 11.3632 11.2355 13.6285 10.2994 22.0475 12.4682 9.91679 10.7571 9.89374 8.05899
threshold=-37.499999999999993 11.500000000000002 -119.49999999999999 123.25000000000001 167.06 119.75000000000001 -61.499999999999993 0.21391752577319592 173.25000000000003 1.0000000180025095e-35 0.29639175257731964 0.28092783505154645 71.250000000000014 0.42010309278350522 -39.499999999999993 62.500000000000007 168.25000000000003 32.475000000000016 394.08500000000009 0.033505154639175264 -14.499999999999998 5.5249999999999604 -5.4999999999999991 1.0000000180025095e-35 -142.49999999999997 79.750000000000014 1.5000000000000002 1.0000000180025095e-35 48.645000000000032 15.605000000000063
decision_type=2 2 2 2 2 2 2 2 2 2 2 2 2 2 2 2 2 2 2 2 2 2 2 2 2 2 2 2 2 2
left_child=2 16 5 9 6 12 7 -5 -8 10 11 -4 -1 -12 18 26 19 21 -11 -2 28 22 -18 24 -14 -25 27 -3 -21 -22
right_child=1 15 3 4 -6 -7 8 -9 -10 14 13 -13 23 -15 -16 -17 17 -19 -20 20 29 -23 -24 25 -26 -27 -28 -29 -30 -31
leaf_value=0.14450891076333144 -0.034065768699908613 -0.011164916973544957 0.019140055219798741 0.20213470607995987 -0.059735237061977392 0.16264327663435219 0.020259453371589065 0.06426323335040901 0.1279411947088582 0.025383478343952451 -0.024084370321714985 0.0724491652311577 0.085110848518305054 0.010026732658831701 0.10940685348049738 -0.023711701832446488 0.043458399395384484 0.10317665865136819 0.089639848007765768 0.0073590297935689671 -0.0029987314209490115 -0.052455645393241539 -0.008542321107926824 0.022332934075966478 -0.0061175134910297566 0.12426498025655747 0.058107869625091561 -0.033140581541297807 -0.015562098392715249 -0.025295686781363087
leaf_weight=22 101 3704 442 26 33 34 234 224 28 400 179 93 43 1366 25 1503 126 22 34 1990 2817 22 84 20 69 30 20 237 208 172
leaf_count=22 101 3704 442 26 33 34 234 224 28 400 179 93 43 1366 25 1503 126 22 34 1990 2817 22 84 20 69 30 20 237 208 172
internal_value=0 -0.00750891 0.0250282 0.0215699 0.0477106 0.0739511 0.0546358 0.0786019 0.0317674 0.0159588 0.0118188 0.0284069 0.0575623 0.0060747 0.0347196 -0.0153158 0.000188144 0.0231262 0.0304174 -0.000913649 -0.000268119 0.0155353 0.0226581 0.0457547 0.0289077 0.0834922 -0.01213 -0.0124865 0.00518997 -0.00428179
internal_weight=0 11006 3302 3084 545 218 512 250 262 2539 2080 535 184 1545 459 5464 5542 254 434 5288 5187 232 210 162 112 50 3961 3941 2198 2989
internal_count=14308 11006 3302 3084 545 218 512 250 262 2539 2080 535 184 1545 459 5464 5542 254 434 5288 5187 232 210 162 112 50 3961 3941 2198 2989
is_linear=0
shrinkage=0.1


Tree=15
num_leaves=31
num_cat=0
split_feature=1 1 1 0 8 8 1 0 8 8 5 1 7 2 0 0 7 7 7 8 8 5 0 0 8 1 8 8 0 7
split_gain=218.115 48.5977 47.0398 36.2959 40.0447 54.1778 26.4262 25.6669 22.2951 50.9329 32.6891 28.3629 22.9851 20.9931 15.3009 14.4177 12.1458 24.3301 17.8241 15.8358 15.2658 10.3934 11.302 10.6383 12.9945 10.1868 10.15 9.66674 23.0376 15.735
threshold=-32.499999999999993 -119.49999999999999 18.500000000000004 152.25000000000003 0.56443298969072175 0.37886597938144334 -41.499999999999993 119.75000000000001 0.23969072164948454 0.27577319587628873 3.5000000000000004 -96.499999999999986 0.75515463917525782 182.89500000000001 71.250000000000014 158.25000000000003 0.57989690721649489 0.54896907216494861 0.76030927835051554 0.16237113402061856 0.11082474226804125 1.0000000180025095e-35 33.750000000000007 12.750000000000002 0.16752577319587633 94.500000000000014 0.70360824742268047 0.57474226804123718 80.250000000000014 0.64175257731958768
decision_type=2 2 2 2 2 2 2 2 2 2 2 2 2 2 2 2 2 2 2 2 2 2 2 2 2 2 2 2 2 2
left_child=1 7 15 8 5 6 -5 14 10 12 13 -11 -10 -3 -1 21 17 19 20 -17 -18 22 -2 -23 -25 -4 -6 28 -16 -29
right_child=2 3 25 4 26 -7 -8 -9 9 11 -12 -13 -14 -15 27 16 18 -19 -20 -21 -22 23 -24 24 -26 -27 -28 29 -30 -31
leaf_value=0.13005802195776514 -0.013646834774948449 0.0012819434106765223 -0.013125532049159748 0.028751694491276375 -0.03982230935155625 0.22816549855470658 0.15347222428282967 0.14637895151972771 0.065768051663180824 0.050534118181211431 0.10112468369545476 0.014318526068252818 0.19496374066386904 -0.060913195120076008 -0.025382329725349945 0.074027273258784929 -0.10632255921761197 0.11309530683793129 0.029080564348083555 0.0039479774279544584 -0.010997928812035493 -0.0050198031032467312 -0.0019253337638176901 0.061003737164250872 0.01096415826197273 -0.027690049893399411 0.034883858312175352 -0.03115784558090004 0.086826754148517343 0.072808157664258036
leaf_weight=22 1078 677 4154 65 31 25 23 34 40 239 31 2272 21 59 24 41 21 32 99 151 84 398 3472 59 431 543 44 37 77 24
leaf_count=22 1078 677 4154 65 31 25 23 34 40 239 31 2272 21 59 24 41 21 32 99 151 84 398 3472 59 431 543 44 37 77 24
internal_value=0 0.0207358 -0.00735166 0.0179037 0.0606556 0.0982554 0.0613491 0.066556 0.0154966 0.0199589 0.000533067 0.0177656 0.110245 -0.00370381 0.0518061 -0.00138024 0.0162913 0.0323675 -0.0013609 0.0189128 -0.0300629 -0.00277108 -0.00470243 0.00712488 0.0169893 -0.0148093 0.00400531 0.0411793 0.0601632 0.00974681
internal_weight=0 3745 10563 3527 188 113 88 218 3339 2572 767 2511 61 736 184 5866 428 224 204 192 105 5438 4550 888 490 4697 75 162 101 61
internal_count=14308 3745 10563 3527 188 113 88 218 3339 2572 767 2511 61 736 184 5866 428 224 204 192 105 5438 4550 888 490 4697 75 162 101 61
is_linear=0
shrinkage=0.1


end of trees

feature_importances:
rank_difference=149
average_rank=104
away_team_encoded_norm=83
home_team_encoded_norm=75
number_of_topFour_home=34
point_difference=19
number_of_topFour_away=9
number_of_champ_home=6
number_of_champ_away=1

parameters:
[boosting: gbdt]
[objective: regression]
[metric: rmse]
[tree_learner: serial]
[device_type: cpu]
[data: ]
[valid: ]
[num_iterations: 200]
[learning_rate: 0.1]
[num_leaves: 31]
[num_threads: 8]
[deterministic: 0]
[force_col_wise: 0]
[force_row_wise: 0]
[histogram_pool_size: -1]
[max_depth: 6]
[min_data_in_leaf: 20]
[min_sum_hessian_in_leaf: 0.001]
[bagging_fraction: 1]
[pos_bagging_fraction: 1]
[neg_bagging_fraction: 1]
[bagging_freq: 0]
[bagging_seed: 3]
[feature_fraction: 1]
[feature_fraction_bynode: 1]
[feature_fraction_seed: 2]
[extra_trees: 0]
[extra_seed: 6]
[early_stopping_round: 50]
[first_metric_only: 0]
[max_delta_step: 0]
[lambda_l1: 0]
[lambda_l2: 0]
[linear_lambda: 0]
[min_gain_to_split: 0]
[drop_rate: 0.1]
[max_drop: 50]
[skip_drop: 0.5]
[xgboost_dart_mode: 0]
[uniform_drop: 0]
[drop_seed: 4]
[top_rate: 0.2]
[other_rate: 0.1]
[min_data_per_group: 100]
[max_cat_threshold: 32]
[cat_l2: 10]
[cat_smooth: 10]
[max_cat_to_onehot: 4]
[top_k: 20]
[monotone_constraints: ]
[monotone_constraints_method: basic]
[monotone_penalty: 0]
[feature_contri: ]
[forcedsplits_filename: ]
[refit_decay_rate: 0.9]
[cegb_tradeoff: 1]
[cegb_penalty_split: 0]
[cegb_penalty_feature_lazy: ]
[cegb_penalty_feature_coupled: ]
[path_smooth: 0]
[interaction_constraints: ]
[verbosity: 0]
[saved_feature_importance_type: 0]
[linear_tree: 0]
[max_bin: 255]
[max_bin_by_feature: ]
[min_data_in_bin: 3]
[bin_construct_sample_cnt: 200000]
[data_random_seed: 1]
[is_enable_sparse: 1]
[enable_bundle: 1]
[use_missing: 1]
[zero_as_missing: 0]
[feature_pre_filter: 1]
[pre_partition: 0]
[two_round: 0]
[header: 0]
[label_column: ]
[weight_column: ]
[group_column: ]
[ignore_column: ]
[categorical_feature: ]
[forcedbins_filename: ]
[precise_float_parser: 0]
[objective_seed: 5]
[num_class: 1]
[is_unbalance: 0]
[scale_pos_weight: 1]
[sigmoid: 1]
[boost_from_average: 1]
[reg_sqrt: 0]
[alpha: 0.9]
[fair_c: 1]
[poisson_max_delta_step: 0.7]
[tweedie_variance_power: 1.5]
[lambdarank_truncation_level: 30]
[lambdarank_norm: 1]
[label_gain: ]
[eval_at: ]
[multi_error_top_k: 1]
[auc_mu_weights: ]
[num_machines: 1]
[local_listen_port: 12400]
[time_out: 120]
[machine_list_filename: ]
[machines: ]
[gpu_platform_id: -1]
[gpu_device_id: -1]
[gpu_use_dp: 0]
[num_gpu: 1]

end of parameters

pandas_categorical:[]
